74.720,220.960,366.330,511.350,656.870,801.990,947.130,1092.590,1237.880,1383.270,1526.960,1699.180,1890.060,2043.360,2174.110,2324.330,2497.050,2847.220,2978.890,3126.890,3298.860,3444.970,3589.770,3735.140,3880.490,4025.430,4171.180,4316.930,4462.500,4607.460,4752.950,4898.370,0.000,0.000,0.000,0.000,0.000,0.000,0.000
54.250,199.310,343.990,489.250,634.490,779.250,924.190,1069.010,1213.830,1358.330,1494.720,1625.340,1655.890,1799.690,1970.690,2105.830,2234.340,2265.810,2407.680,2446.120,2592.660,2768.880,2903.680,3032.850,3063.560,3205.770,3242.540,3389.330,3536.290,3680.910,3825.880,3970.620,4115.520,4260.370,4405.160,4549.760,4694.650,4839.340,4984.450
61.120,207.080,352.680,498.710,644.080,790.090,935.870,1081.360,1227.340,1372.550,1516.800,1644.150,1807.460,1978.520,2128.370,2254.960,2411.500,2582.990,2746.500,2875.270,3020.410,3055.410,3201.890,3374.370,3517.910,3663.800,3809.760,3955.860,4101.500,4247.290,4393.340,4539.400,4685.060,4830.790,4976.330,0.000,0.000,0.000,0.000
73.070,219.710,364.680,509.930,655.410,801.250,946.730,1092.550,1237.680,1383.110,1544.590,1672.170,1818.870,1850.780,1996.580,2036.040,2186.200,2362.080,2492.670,2626.130,2659.640,2804.050,2979.270,3131.600,3257.590,3414.930,3561.000,3706.370,3851.700,3996.750,4142.400,4287.720,4433.150,4578.410,4723.440,4868.710,0.000,0.000,0.000
50.750,195.970,341.550,487.520,633.260,778.690,923.720,1069.300,1214.640,1360.250,1497.130,1626.610,1661.670,1806.390,1980.980,2139.430,2266.910,2416.270,2457.620,2604.670,2780.100,2935.640,3062.830,3214.470,3271.700,3425.550,3573.870,3719.620,3864.970,4010.190,4155.300,4300.540,4446.440,4592.150,4737.280,4883.380,0.000,0.000,0.000
48.530,194.620,340.010,485.840,631.090,776.500,922.220,1067.830,1213.170,1358.950,1495.990,1626.540,1662.940,1807.670,1987.540,2162.620,2293.210,2426.240,2461.160,2606.340,2781.830,2943.220,3071.320,3218.120,3250.760,3396.850,3544.620,3690.220,3836.160,3981.860,4127.200,4272.020,4417.810,4563.290,4709.210,4854.680,0.000,0.000,0.000
54.670,201.710,347.960,494.270,640.530,787.180,933.380,1079.140,1225.620,1371.380,1514.870,1643.060,1807.480,1978.150,2127.090,2254.530,2410.960,2581.180,2739.700,2868.640,3016.750,3191.730,3368.450,3509.930,3657.290,3802.820,3948.700,4094.950,4241.440,4387.710,4533.890,4680.250,4826.900,4973.490,0.000,0.000,0.000,0.000,0.000
75.250,222.170,366.300,511.010,654.820,799.180,943.110,1087.690,1231.740,1376.230,1522.860,1647.630,1813.850,1843.200,1987.030,2160.780,2289.930,2424.080,2451.370,2594.070,2780.110,2938.360,3063.860,3215.070,3244.940,3388.740,3535.980,3680.730,3826.050,3970.540,4114.890,4259.670,4404.490,4549.340,4693.510,4838.540,4983.110,0.000,0.000
72.230,217.820,362.720,507.880,653.390,798.210,943.820,1088.660,1234.120,1379.300,1534.380,1661.560,1814.030,2008.040,2054.860,2204.040,2380.830,2539.480,2667.030,2816.340,3013.870,3044.570,3190.280,3366.570,3506.650,3652.760,3798.110,3943.800,4089.290,4235.000,4380.800,4526.160,4671.070,4816.670,4962.020,0.000,0.000,0.000,0.000
53.520,198.690,343.680,488.720,634.120,779.520,924.450,1069.660,1214.630,1359.490,1496.580,1625.920,1658.280,1801.940,1978.090,2129.500,2254.850,2411.890,2606.520,2641.890,2788.390,2962.690,3092.920,3225.520,3256.210,3400.140,3547.100,3692.380,3837.920,3983.460,4128.830,4273.430,4418.180,4563.120,4708.160,4852.610,4997.710,0.000,0.000
52.070,196.870,343.000,488.350,634.520,780.110,926.070,1071.710,1217.130,1363.050,1500.410,1631.360,1668.740,1811.810,1847.170,1994.170,2170.890,2308.400,2436.920,2480.410,2621.080,2648.440,2793.380,2968.460,3102.980,3233.090,3269.460,3415.100,3563.300,3708.610,3854.240,3999.400,4144.730,4290.610,4436.130,4581.640,4727.430,4872.780,0.000
49.210,195.400,341.260,487.210,634.100,779.780,925.930,1071.890,1217.300,1363.330,1501.230,1632.180,1813.630,1850.200,1997.350,2033.090,2183.450,2354.990,2485.660,2624.220,2661.430,2807.130,2980.600,3137.730,3265.640,3420.190,3567.010,3712.080,3857.970,4003.880,4148.830,4294.400,4440.460,4586.870,4732.960,4878.610,0.000,0.000,0.000
62.440,208.880,354.190,499.850,645.480,791.310,937.810,1083.550,1229.420,1375.010,1522.550,1649.880,1808.590,1978.750,2130.280,2257.550,2411.510,2582.900,2745.160,2874.510,3019.740,3196.910,3377.580,3523.120,3669.110,3814.980,3960.480,4106.350,4252.410,4398.000,4544.140,4690.030,4835.390,4981.130,0.000,0.000,0.000,0.000,0.000
63.300,207.810,352.540,497.330,641.570,786.190,930.730,1075.040,1219.910,1363.990,1501.810,1631.390,1661.870,1803.850,1846.480,1993.360,2170.430,2309.380,2436.960,2473.120,2613.360,2641.810,2785.760,2956.520,3085.420,3223.060,3252.940,3395.750,3542.860,3687.990,3832.650,3977.210,4121.580,4265.870,4410.020,4554.410,4698.790,4843.480,4988.270
55.100,200.410,346.140,491.600,636.800,782.180,927.500,1072.630,1217.970,1363.240,1501.230,1632.030,1817.650,1846.810,1991.720,2165.330,2298.690,2428.560,2608.330,2783.310,2950.520,3080.110,3221.780,3256.490,3401.710,3549.050,3694.240,3839.680,3984.380,4129.390,4274.560,4419.690,4565.370,4710.580,4855.690,0.000,0.000,0.000,0.000
60.490,205.980,351.310,495.680,640.850,785.380,930.420,1074.860,1219.760,1364.890,1503.480,1633.220,1676.420,1817.230,1845.370,1989.330,2162.050,2293.540,2425.790,2458.190,2602.000,2774.630,2918.360,3045.010,3208.990,3383.160,3528.820,3674.000,3818.670,3963.520,4108.230,4253.710,4398.390,4543.410,4688.100,4833.340,4978.370,0.000,0.000
51.690,196.450,341.610,486.110,631.080,776.420,921.390,1066.220,1211.400,1356.250,1493.230,1625.310,1659.330,1803.190,1976.840,2125.980,2251.780,2409.650,2586.840,2758.960,2888.900,3024.890,3055.390,3199.120,3369.060,3510.600,3655.470,3800.380,3944.730,4090.050,4234.940,4379.830,4524.570,4669.820,4814.410,4959.090,0.000,0.000,0.000
61.860,208.920,354.470,501.080,646.800,792.640,938.820,1085.190,1232.080,1378.470,1532.370,1660.830,1813.070,1983.130,2148.840,2279.700,2422.000,2601.340,2772.050,2910.680,3039.690,3205.980,3375.400,3520.530,3666.900,3812.930,3958.940,4105.840,4252.440,4398.320,4545.310,4691.590,4837.830,4983.840,0.000,0.000,0.000,0.000,0.000
49.670,194.510,339.560,484.660,629.140,774.030,919.030,1063.610,1208.610,1353.400,1488.770,1623.930,1654.410,1797.620,1824.950,1973.260,2119.190,2244.880,2412.260,2444.460,2589.020,2763.740,2894.520,3025.600,3061.100,3204.390,3245.160,3391.910,3538.720,3683.090,3828.010,3972.480,4117.310,4262.440,4406.950,4551.190,4695.900,4840.690,4985.520
54.170,199.340,344.910,490.410,635.870,781.070,926.340,1071.390,1217.100,1362.510,1501.290,1631.990,1681.920,1823.590,1851.400,1995.310,2171.800,2312.930,2441.060,2609.920,2784.610,2952.540,3082.820,3222.780,3257.870,3403.400,3550.630,3696.060,3841.160,3986.100,4131.660,4277.100,4422.630,4568.380,4713.580,4858.800,0.000,0.000,0.000
49.370,195.750,340.530,485.390,631.160,775.940,920.730,1065.920,1210.810,1355.870,1492.160,1624.870,1657.370,1801.300,1972.420,2112.720,2240.350,2409.840,2462.650,2610.660,2641.210,2786.100,2958.200,3088.410,3224.290,3255.680,3399.650,3547.660,3692.780,3837.360,3982.060,4127.520,4272.730,4417.530,4562.500,4707.560,4852.640,4997.470,0.000
56.850,202.090,347.360,492.560,637.890,783.510,928.320,1073.410,1218.210,1363.540,1501.870,1631.950,1667.630,1809.860,1843.610,1989.400,2162.400,2293.800,2426.060,2460.560,2604.190,2777.680,2928.380,3054.610,3210.600,3384.290,3530.030,3674.330,3819.420,3964.400,4109.340,4254.620,4399.770,4545.480,4690.140,4835.580,4980.930,0.000,0.000
49.830,196.420,341.790,488.300,633.920,779.790,925.860,1071.480,1217.550,1363.320,1502.770,1633.850,1804.300,1973.440,2116.310,2244.960,2404.620,2572.240,2713.900,2843.000,3004.100,3172.430,3313.760,3455.440,3601.930,3748.000,3894.200,4039.840,4186.310,4332.640,4478.930,4624.390,4770.240,4915.960,0.000,0.000,0.000,0.000,0.000
56.510,202.110,347.250,492.100,637.340,782.410,928.270,1073.570,1218.720,1363.760,1503.020,1633.600,1805.940,1975.510,2121.820,2249.100,2408.020,2578.170,2729.800,2856.850,3010.870,3180.110,3334.100,3473.870,3619.910,3765.750,3910.520,4056.240,4201.590,4347.360,4492.760,4638.590,4784.370,4929.570,0.000,0.000,0.000,0.000,0.000
65.270,212.300,357.400,502.590,647.430,792.410,937.540,1082.640,1227.760,1372.990,1517.760,1644.950,1806.600,1975.500,2121.060,2247.670,2407.800,2579.580,2733.880,2861.230,3013.710,3190.040,3363.690,3502.920,3649.110,3794.620,3939.940,4084.670,4230.020,4374.940,4520.440,4665.500,4810.850,4955.540,0.000,0.000,0.000,0.000,0.000
54.980,200.400,346.050,491.680,637.030,782.900,928.050,1073.370,1218.770,1364.610,1503.850,1634.170,1808.070,1978.320,2129.900,2257.820,2411.290,2580.890,2738.800,2867.720,3016.520,3189.600,3361.110,3501.290,3647.670,3792.920,3938.520,4084.050,4230.080,4375.110,4520.490,4666.340,4811.810,4957.080,0.000,0.000,0.000,0.000,0.000
67.220,211.970,356.640,501.480,645.820,790.240,935.120,1079.890,1224.230,1368.840,1509.930,1638.080,1809.220,1852.590,1999.390,2168.080,2302.930,2433.050,2472.460,2613.670,2643.090,2787.060,2957.440,3087.910,3224.530,3255.450,3398.650,3545.770,3690.380,3835.730,3980.830,4125.260,4269.830,4414.990,4559.510,4704.120,4849.280,4993.670,0.000
54.920,199.750,344.300,488.830,634.560,779.720,924.650,1069.510,1214.500,1359.580,1497.110,1626.540,1672.490,1815.490,1845.230,1989.460,2162.140,2294.580,2426.080,2463.680,2607.490,2787.360,2958.350,3089.250,3224.990,3261.670,3406.450,3553.960,3698.800,3843.970,3988.150,4133.460,4278.520,4424.200,4569.250,4714.080,4859.520,0.000,0.000
61.760,207.390,352.350,497.320,642.380,787.690,932.470,1077.590,1222.680,1367.400,1508.200,1637.020,1814.920,1848.660,1993.170,2165.950,2301.250,2432.390,2608.530,2782.840,2945.300,3074.340,3218.560,3255.560,3401.010,3548.880,3694.010,3838.550,3983.550,4127.910,4272.640,4416.690,4561.900,4706.920,4851.880,4996.740,0.000,0.000,0.000
47.690,192.760,337.230,481.650,626.020,770.510,914.700,1059.310,1203.750,1348.490,1483.740,1621.470,1652.980,1796.220,1826.100,1973.440,2120.620,2246.500,2410.190,2605.900,2644.290,2789.940,2963.270,3095.220,3225.800,3258.680,3401.840,3549.310,3694.410,3839.170,3983.700,4128.260,4273.220,4417.810,4562.710,4706.990,4851.820,4996.460,0.000
55.550,201.250,346.450,491.270,636.070,781.000,926.000,1071.400,1216.680,1362.130,1500.620,1631.810,1806.650,1979.340,2133.360,2261.050,2412.180,2583.920,2749.780,2879.650,3021.090,3054.900,3199.270,3367.530,3509.480,3655.050,3800.270,3945.220,4090.540,4235.900,4381.450,4527.040,4671.980,4817.280,4962.690,0.000,0.000,0.000,0.000
61.570,207.960,353.480,498.560,643.140,788.050,932.800,1078.180,1223.690,1368.420,1509.060,1637.780,1806.590,1976.850,2125.710,2252.660,2409.200,2580.780,2739.550,2867.360,3015.800,3195.220,3369.440,3512.320,3657.800,3802.570,3947.540,4092.720,4237.720,4382.180,4527.130,4672.360,4816.960,4962.150,0.000,0.000,0.000,0.000,0.000
59.940,204.910,350.220,495.760,641.020,786.330,931.580,1077.260,1222.460,1367.740,1509.140,1638.020,1805.220,1973.890,2116.810,2244.290,2406.990,2576.680,2725.870,2853.130,3009.010,3177.460,3326.810,3466.980,3613.060,3758.420,3903.520,4048.530,4193.830,4339.060,4484.550,4629.990,4775.550,4921.110,0.000,0.000,0.000,0.000,0.000
57.540,203.000,349.000,494.150,639.930,785.540,931.340,1076.970,1222.380,1368.350,1509.060,1638.610,1804.090,1971.280,2110.790,2240.240,2403.980,2572.140,2713.240,2841.790,3004.220,3171.700,3312.600,3454.810,3601.150,3746.260,3892.520,4038.270,4183.570,4329.270,4474.960,4621.150,4766.700,4912.680,0.000,0.000,0.000,0.000,0.000
57.760,202.640,347.700,492.750,637.750,782.360,927.650,1072.360,1217.340,1361.880,1500.540,1631.700,1680.790,1822.210,1849.610,1992.500,2164.670,2298.950,2429.840,2605.560,2777.440,2928.890,3056.250,3210.030,3382.690,3528.860,3673.510,3818.420,3963.840,4108.910,4253.950,4398.200,4542.800,4688.020,4833.400,4978.160,0.000,0.000,0.000
81.680,229.590,374.870,520.520,666.080,812.040,957.660,1103.300,1248.230,1394.210,1563.990,1698.790,1829.760,1998.590,2170.300,2310.470,2439.630,2603.820,2771.690,2913.030,3042.010,3204.180,3371.520,3515.570,3661.210,3806.760,3952.190,4097.650,4244.000,4389.630,4535.140,4680.790,4826.910,4972.740,0.000,0.000,0.000,0.000,0.000
51.950,197.480,342.670,488.710,633.900,779.550,925.460,1071.090,1216.410,1361.740,1500.530,1632.210,1805.670,1974.040,2119.350,2247.530,2405.370,2571.840,2713.590,2842.010,3003.480,3170.180,3309.260,3451.120,3596.500,3742.140,3887.390,4032.900,4178.490,4324.360,4469.730,4615.040,4760.910,4906.370,0.000,0.000,0.000,0.000,0.000
57.000,202.210,347.080,491.440,636.060,780.280,924.970,1069.640,1214.090,1359.130,1496.360,1625.920,1662.150,1804.920,1848.180,1994.970,2199.540,2367.400,2502.430,2632.610,2667.360,2808.800,2843.760,2988.060,3160.080,3291.260,3434.110,3578.710,3723.270,3868.050,4012.930,4157.620,4302.230,4446.660,4591.300,4736.040,4881.400,0.000,0.000
52.690,197.760,342.810,487.970,633.340,778.260,923.460,1069.120,1214.340,1359.670,1497.880,1627.160,1797.250,1976.300,2128.340,2256.150,2409.780,2578.050,2728.110,2856.090,3009.370,3176.940,3326.630,3466.880,3613.480,3758.370,3903.830,4049.140,4194.460,4340.070,4485.970,4631.340,4776.550,4922.140,0.000,0.000,0.000,0.000,0.000
57.590,202.770,348.140,493.510,638.590,784.070,929.170,1074.170,1219.480,1364.840,1504.560,1634.700,1800.830,1968.280,2105.290,2235.500,2402.440,2570.070,2709.240,2838.490,3003.630,3170.840,3311.230,3452.580,3598.610,3743.660,3889.350,4035.140,4180.420,4325.160,4470.610,4616.460,4761.810,4906.810,0.000,0.000,0.000,0.000,0.000
79.340,226.490,371.320,515.300,659.890,805.150,949.430,1094.560,1239.450,1383.920,1545.930,1675.020,1818.740,1855.390,1999.480,2166.790,2301.790,2432.310,2609.110,2657.240,2804.350,2981.630,3143.690,3272.430,3422.210,3567.190,3711.700,3856.350,4001.570,4146.460,4290.850,4435.580,4579.640,4724.590,4869.570,0.000,0.000,0.000,0.000
70.800,217.940,363.920,509.720,655.730,801.750,947.530,1094.020,1240.040,1385.910,1551.970,1684.770,1823.730,1991.960,2162.390,2297.110,2428.300,2593.760,2764.310,2899.650,3033.530,3198.810,3366.580,3509.430,3655.200,3801.240,3947.350,4093.130,4239.180,4385.360,4531.480,4677.160,4823.760,4969.840,0.000,0.000,0.000,0.000,0.000
52.260,199.890,346.690,493.890,641.220,788.030,935.180,1082.320,1229.730,1376.500,1530.320,1661.100,1812.570,1978.150,2131.050,2262.060,2412.600,2577.870,2729.500,2860.490,3011.860,3178.100,3331.690,3474.250,3621.830,3769.000,3916.450,4063.220,4210.820,4358.010,4505.400,4652.100,4799.020,4946.460,0.000,0.000,0.000,0.000,0.000
54.250,201.190,347.290,493.080,638.570,784.160,929.950,1075.710,1221.480,1367.300,1509.210,1638.890,1800.900,1968.050,2105.490,2236.310,2400.190,2566.770,2702.660,2834.230,2999.310,3166.450,3301.910,3445.220,3591.360,3736.610,3882.540,4027.930,4173.290,4319.130,4463.960,4609.890,4755.160,4901.300,0.000,0.000,0.000,0.000,0.000
48.850,193.790,338.780,483.710,628.480,772.790,917.990,1062.600,1207.780,1352.580,1489.050,1623.890,1659.970,1803.310,1974.770,2121.620,2248.650,2407.300,2576.670,2727.530,2854.650,3008.550,3176.570,3325.940,3465.150,3610.560,3755.510,3900.310,4045.560,4190.430,4335.270,4480.360,4625.500,4770.470,4915.080,0.000,0.000,0.000,0.000
76.960,224.570,369.460,514.730,659.830,804.580,949.670,1095.290,1240.190,1385.210,1549.180,1679.900,1820.740,1999.310,2165.810,2301.510,2433.050,2600.570,2767.320,2904.230,3035.260,3201.280,3367.810,3510.760,3655.960,3801.020,3946.090,4091.150,4236.630,4381.130,4526.540,4672.190,4816.960,4962.330,0.000,0.000,0.000,0.000,0.000
69.950,216.390,360.570,505.530,650.360,795.400,940.210,1085.110,1230.030,1374.950,1522.480,1649.400,1807.110,1975.960,2123.920,2250.950,2407.880,2576.660,2725.700,2853.100,3008.540,3177.350,3328.080,3467.550,3612.940,3757.570,3902.660,4047.170,4192.090,4337.110,4482.190,4627.350,4772.440,4917.260,0.000,0.000,0.000,0.000,0.000
54.100,199.540,344.910,489.630,634.380,779.110,924.260,1069.310,1214.880,1359.690,1498.040,1627.190,1796.810,1978.600,2134.850,2263.390,2413.000,2581.460,2739.550,2868.950,3015.360,3184.850,3350.870,3490.100,3636.360,3781.200,3926.590,4071.740,4217.430,4362.210,4507.100,4652.100,4797.420,4942.070,0.000,0.000,0.000,0.000,0.000
49.580,194.260,339.910,484.910,630.090,775.830,921.310,1067.180,1212.770,1358.220,1496.210,1626.660,1805.260,1974.290,2119.850,2247.700,2406.520,2573.550,2717.410,2846.040,3005.070,3171.980,3313.050,3454.750,3600.430,3745.430,3891.580,4036.500,4181.540,4326.150,4471.520,4616.930,4762.350,4907.450,0.000,0.000,0.000,0.000,0.000
66.960,213.680,358.640,503.060,647.880,792.170,937.180,1082.710,1227.340,1372.040,1516.190,1644.220,1804.860,1972.480,2115.600,2243.490,2404.470,2571.660,2713.590,2841.610,3003.940,3170.950,3311.880,3452.490,3597.220,3742.070,3887.280,4032.380,4176.780,4322.020,4466.810,4611.740,4756.430,4901.140,0.000,0.000,0.000,0.000,0.000
59.100,204.300,349.660,494.270,639.370,783.930,928.830,1073.630,1218.290,1363.320,1502.490,1633.060,1803.400,1973.370,2118.850,2246.320,2406.070,2574.150,2719.480,2847.270,3004.790,3171.240,3312.540,3453.320,3598.610,3743.590,3888.370,4033.280,4178.050,4322.320,4467.280,4612.490,4757.300,4902.000,0.000,0.000,0.000,0.000,0.000
54.330,201.700,348.070,494.560,640.100,786.260,932.390,1078.660,1224.840,1370.790,1515.300,1645.270,1804.060,1969.920,2109.780,2240.470,2401.150,2567.270,2705.610,2837.250,2999.840,3165.500,3302.040,3446.100,3592.070,3738.240,3884.410,4030.470,4176.440,4322.180,4468.220,4614.200,4760.780,4907.040,0.000,0.000,0.000,0.000,0.000
59.550,206.710,351.520,496.310,641.840,786.940,932.170,1077.030,1222.660,1367.940,1509.350,1639.070,1803.230,1970.080,2109.390,2238.510,2401.870,2569.430,2707.630,2837.620,3002.940,3170.290,3310.370,3452.260,3597.810,3743.230,3888.740,4034.350,4179.900,4325.450,4471.060,4616.060,4761.600,4907.050,0.000,0.000,0.000,0.000,0.000
54.690,201.240,347.790,494.210,640.750,787.040,933.530,1079.940,1226.510,1372.740,1519.890,1649.950,1806.300,1971.960,2114.850,2245.180,2403.120,2568.950,2708.740,2840.120,3001.070,3167.460,3306.340,3450.360,3596.710,3742.980,3889.120,4035.270,4181.910,4328.140,4474.780,4620.770,4767.020,4913.500,0.000,0.000,0.000,0.000,0.000
46.700,191.270,335.710,480.730,625.520,769.890,913.740,1058.250,1203.050,1347.070,1483.280,1621.080,1655.760,1799.350,1965.840,2101.440,2232.130,2273.070,2413.970,2444.880,2588.080,2758.020,2890.170,3024.470,3058.970,3201.590,3374.510,3519.650,3664.180,3808.810,3953.350,4097.630,4241.700,4386.140,4530.810,4675.660,4820.400,4964.900,0.000
64.230,212.000,357.960,503.750,649.640,794.900,940.890,1086.300,1232.250,1377.880,1530.320,1659.920,1811.210,1977.410,2129.200,2258.890,2410.430,2576.380,2726.130,2855.290,3008.500,3173.340,3318.710,3460.050,3606.650,3752.800,3898.350,4043.990,4189.740,4335.240,4481.190,4626.560,4772.250,4917.900,0.000,0.000,0.000,0.000,0.000
71.350,218.490,364.290,509.510,655.760,801.130,946.870,1092.600,1237.510,1383.220,1542.640,1673.700,1818.070,1985.580,2152.280,2284.800,2423.740,2591.300,2761.550,2896.030,3027.510,3194.130,3364.220,3506.220,3652.180,3797.780,3943.380,4088.930,4234.880,4380.080,4526.310,4671.680,4817.160,4963.200,0.000,0.000,0.000,0.000,0.000
54.140,199.290,344.840,490.070,634.900,780.000,924.860,1069.910,1214.990,1359.550,1498.110,1627.160,1797.020,1836.250,1984.970,2155.760,2286.480,2423.880,2605.550,2778.290,2933.530,3061.880,3213.000,3384.500,3530.490,3675.140,3820.260,3965.170,4110.150,4254.960,4400.410,4545.410,4690.760,4835.810,4980.940,0.000,0.000,0.000,0.000
60.900,206.730,352.790,498.110,644.070,789.660,935.090,1081.380,1226.900,1373.030,1518.910,1647.840,1804.450,1969.680,2109.580,2239.480,2400.960,2566.720,2704.150,2835.700,2998.210,3176.200,3329.940,3470.980,3617.440,3762.840,3908.800,4054.680,4200.370,4346.200,4491.950,4637.400,4783.200,4928.590,0.000,0.000,0.000,0.000,0.000
63.100,207.610,352.730,497.400,641.510,786.110,930.890,1075.900,1220.360,1365.430,1505.420,1635.260,1807.340,1979.190,2134.090,2262.170,2412.280,2583.140,2747.480,2877.420,3019.340,3058.410,3202.590,3375.140,3519.900,3664.710,3809.240,3953.930,4098.540,4243.370,4388.100,4532.820,4677.490,4822.490,4967.120,0.000,0.000,0.000,0.000
57.520,202.600,347.480,492.370,637.270,782.030,927.310,1072.180,1216.880,1361.880,1501.240,1632.420,1802.760,1969.870,2109.950,2239.090,2401.670,2567.770,2705.510,2835.860,3003.050,3170.510,3311.730,3452.600,3597.700,3742.710,3887.640,4032.410,4177.550,4322.680,4467.670,4612.280,4756.850,4901.590,0.000,0.000,0.000,0.000,0.000
82.300,230.070,376.060,522.120,667.970,814.770,961.080,1107.150,1253.630,1399.550,1564.860,1701.060,1833.780,1995.840,2165.610,2303.810,2436.200,2596.740,2766.850,2906.400,3038.140,3199.850,3365.470,3508.250,3655.200,3801.400,3947.880,4094.100,4240.730,4387.220,4533.610,4679.850,4826.900,4973.270,0.000,0.000,0.000,0.000,0.000
58.170,203.780,349.360,494.370,639.240,784.790,930.260,1076.090,1221.800,1367.730,1510.130,1640.100,1800.410,1965.810,2101.990,2233.930,2399.360,2564.670,2700.170,2832.940,2998.550,3167.890,3307.970,3450.240,3595.720,3741.310,3886.460,4032.240,4177.700,4323.940,4469.150,4614.640,4760.190,4905.810,0.000,0.000,0.000,0.000,0.000
62.110,208.740,354.180,499.590,644.820,790.010,936.100,1081.570,1226.860,1373.130,1519.040,1647.570,1804.600,1970.420,2111.760,2241.290,2401.040,2566.300,2703.840,2834.900,2999.680,3164.710,3300.380,3444.000,3589.820,3735.410,3881.160,4026.170,4171.590,4316.950,4462.460,4607.300,4753.070,4898.150,0.000,0.000,0.000,0.000,0.000
58.350,203.220,349.130,494.700,640.460,785.710,931.440,1076.690,1221.970,1366.870,1508.300,1638.390,1802.280,1969.000,2109.350,2239.040,2401.560,2567.380,2705.030,2835.560,3000.440,3166.130,3302.300,3445.540,3590.990,3736.610,3882.490,4027.730,4173.070,4318.440,4463.280,4609.050,4754.520,4900.160,0.000,0.000,0.000,0.000,0.000
87.610,235.530,380.510,525.090,669.830,814.940,959.770,1104.780,1250.170,1395.380,1564.280,1699.890,1832.040,2003.690,2171.630,2314.190,2442.410,2604.170,2772.360,2915.590,3043.280,3204.430,3371.600,3515.620,3661.130,3806.410,3951.200,4096.680,4241.640,4386.790,4531.800,4677.380,4822.220,4967.360,0.000,0.000,0.000,0.000,0.000
72.860,217.720,362.550,507.570,651.980,796.560,941.430,1086.130,1230.940,1375.300,1523.800,1651.110,1808.660,1977.540,2128.800,2256.290,2409.770,2578.580,2733.080,2860.690,3011.700,3185.480,3351.450,3489.880,3635.110,3779.670,3924.180,4068.490,4213.330,4357.620,4502.180,4646.820,4790.930,4935.370,0.000,0.000,0.000,0.000,0.000
54.500,200.490,345.520,490.280,635.470,780.530,925.900,1071.020,1216.440,1361.490,1500.180,1632.170,1801.160,1967.910,2105.200,2235.700,2403.700,2570.200,2711.650,2840.530,3002.340,3168.560,3307.040,3448.770,3593.570,3738.340,3883.730,4028.720,4173.240,4318.350,4463.310,4608.540,4753.320,4898.820,0.000,0.000,0.000,0.000,0.000
70.320,217.210,362.170,507.720,652.800,797.870,943.200,1088.580,1233.120,1378.740,1532.060,1660.460,1810.780,1978.140,2131.270,2259.780,2411.020,2578.700,2732.700,2861.120,3011.640,3180.150,3337.920,3477.340,3623.570,3769.450,3914.480,4059.710,4204.460,4349.340,4493.940,4638.570,4783.650,4928.400,0.000,0.000,0.000,0.000,0.000
70.460,216.150,361.610,507.210,652.760,797.770,943.510,1088.960,1234.240,1379.870,1535.580,1665.020,1813.860,1980.200,2136.740,2266.650,2414.200,2582.460,2744.660,2875.570,3019.400,3189.030,3358.330,3498.460,3644.540,3789.850,3934.950,4080.640,4225.980,4371.720,4516.930,4662.340,4808.350,4953.960,0.000,0.000,0.000,0.000,0.000
70.880,217.740,363.830,509.340,655.020,800.360,946.590,1092.260,1237.990,1383.580,1546.160,1677.710,1820.350,1989.410,2158.800,2292.280,2426.320,2593.580,2762.960,2898.250,3028.280,3194.780,3365.540,3508.670,3655.010,3800.370,3946.160,4091.750,4237.470,4383.310,4528.940,4674.610,4820.970,4966.280,0.000,0.000,0.000,0.000,0.000
54.200,199.910,345.210,490.730,636.200,781.700,927.380,1072.530,1217.990,1363.430,1503.300,1634.690,1798.690,1965.800,2103.050,2234.560,2400.160,2565.120,2701.450,2833.310,2997.370,3173.490,3322.150,3462.590,3608.840,3753.880,3899.360,4044.770,4189.850,4334.760,4480.020,4625.650,4770.370,4916.330,0.000,0.000,0.000,0.000,0.000
62.750,207.830,352.670,497.450,642.530,787.600,932.430,1077.600,1222.750,1367.530,1508.670,1638.050,1803.760,1970.370,2111.090,2240.110,2402.050,2568.370,2707.540,2837.210,3003.620,3169.970,3310.560,3451.220,3596.370,3741.370,3886.660,4031.800,4176.610,4321.710,4466.090,4611.310,4756.680,4901.870,0.000,0.000,0.000,0.000,0.000
63.710,210.380,355.580,501.120,645.770,791.430,936.690,1081.630,1226.690,1371.760,1515.530,1644.330,1803.330,1968.770,2107.750,2237.730,2400.560,2565.910,2702.400,2833.550,3000.030,3165.070,3301.300,3444.250,3589.810,3734.900,3880.520,4025.390,4170.160,4315.160,4460.860,4606.180,4751.050,4896.330,0.000,0.000,0.000,0.000,0.000
60.740,207.130,352.660,498.160,643.890,789.440,934.440,1080.230,1225.650,1371.550,1516.130,1645.100,1802.610,1968.590,2107.290,2237.960,2400.370,2566.540,2703.180,2835.070,3000.200,3166.650,3302.820,3445.970,3591.770,3737.280,3882.340,4027.850,4172.990,4318.600,4464.210,4610.010,4755.950,4901.970,0.000,0.000,0.000,0.000,0.000
82.190,230.350,375.290,520.960,666.500,811.920,957.000,1102.390,1247.230,1392.430,1560.460,1694.050,1826.490,1995.300,2166.200,2304.910,2436.040,2600.180,2765.210,2901.240,3033.010,3197.420,3372.330,3517.850,3663.150,3808.300,3953.260,4098.990,4244.350,4389.560,4534.970,4680.620,4825.840,4970.840,0.000,0.000,0.000,0.000,0.000
54.340,199.520,344.810,490.760,635.540,780.660,926.350,1071.830,1217.560,1362.610,1501.860,1633.150,1798.390,1974.160,2124.330,2253.140,2407.340,2572.300,2715.520,2844.540,3003.190,3167.680,3306.410,3448.750,3594.410,3739.130,3884.270,4029.320,4174.840,4319.690,4464.870,4610.130,4755.170,4900.240,0.000,0.000,0.000,0.000,0.000
64.210,210.980,355.500,500.390,645.510,789.800,934.990,1079.720,1224.040,1369.600,1512.000,1640.950,1802.870,1969.440,2109.460,2238.500,2401.860,2568.210,2706.670,2836.400,3002.070,3169.300,3309.150,3450.090,3595.400,3740.400,3884.920,4029.120,4174.190,4319.320,4464.310,4608.680,4754.080,4898.550,0.000,0.000,0.000,0.000,0.000
65.670,211.540,356.560,501.840,646.970,791.460,936.250,1080.910,1226.030,1370.960,1515.230,1644.190,1803.420,1968.720,2108.310,2238.240,2399.890,2564.070,2699.140,2831.710,2996.920,3172.010,3317.660,3458.090,3603.980,3748.940,3894.180,4038.880,4184.030,4328.830,4474.110,4618.960,4763.640,4909.130,0.000,0.000,0.000,0.000,0.000
81.820,229.070,374.160,519.090,664.150,809.230,953.850,1099.100,1244.370,1388.840,1555.400,1686.990,1824.430,2001.730,2169.690,2308.480,2437.790,2602.720,2769.530,2908.850,3038.430,3202.800,3369.690,3512.560,3657.720,3803.550,3948.510,4093.520,4238.620,4383.470,4528.370,4673.290,4817.890,4962.820,0.000,0.000,0.000,0.000,0.000
74.580,222.310,367.460,512.380,657.200,802.080,947.180,1092.780,1237.490,1382.320,1542.680,1672.630,1817.560,1989.770,2158.590,2291.650,2425.720,2600.730,2767.530,2905.750,3035.920,3199.790,3364.450,3505.950,3651.390,3795.790,3940.680,4086.080,4230.830,4375.460,4519.900,4665.130,4810.000,4955.420,0.000,0.000,0.000,0.000,0.000
56.640,204.030,349.190,494.650,639.980,785.050,930.370,1075.840,1221.150,1366.220,1507.110,1637.570,1800.090,1965.880,2101.670,2233.250,2401.460,2567.800,2706.370,2836.620,3001.500,3167.070,3304.410,3446.820,3592.610,3737.940,3883.090,4027.890,4172.990,4318.280,4463.610,4608.560,4753.660,4898.840,0.000,0.000,0.000,0.000,0.000
59.260,206.210,351.510,496.960,642.660,788.750,933.880,1079.060,1224.890,1370.760,1515.300,1644.360,1803.050,1968.970,2107.710,2237.840,2401.050,2567.540,2705.970,2836.790,3001.200,3167.370,3304.990,3447.860,3593.380,3738.500,3884.030,4029.330,4174.830,4320.260,4465.740,4610.740,4755.980,4901.510,0.000,0.000,0.000,0.000,0.000
49.420,195.990,340.610,485.910,630.640,776.390,921.030,1066.040,1211.030,1356.290,1493.950,1625.990,1795.400,1968.290,2107.690,2237.640,2403.070,2569.740,2710.130,2839.230,3002.770,3169.060,3308.270,3450.070,3596.240,3741.320,3886.630,4032.010,4176.990,4322.110,4467.350,4612.160,4757.080,4901.800,0.000,0.000,0.000,0.000,0.000
59.290,204.660,349.820,495.180,640.370,785.670,930.850,1075.850,1220.990,1365.880,1506.360,1636.910,1800.650,1966.940,2103.990,2234.890,2402.300,2568.840,2707.620,2837.940,3000.800,3166.910,3303.890,3446.170,3591.850,3737.050,3882.400,4027.900,4173.240,4319.060,4464.130,4609.090,4753.900,4898.970,0.000,0.000,0.000,0.000,0.000
68.360,213.570,358.090,502.890,647.450,792.690,936.860,1081.890,1226.580,1370.960,1514.150,1642.120,1804.230,1970.950,2112.450,2240.830,2404.290,2572.750,2717.850,2845.360,3005.570,3174.450,3321.960,3462.120,3607.050,3752.170,3896.980,4041.980,4187.020,4331.140,4475.950,4620.470,4764.750,4909.530,0.000,0.000,0.000,0.000,0.000
69.160,215.940,362.310,507.920,653.850,798.960,944.350,1090.200,1235.780,1381.370,1540.590,1671.810,1817.300,1984.440,2147.780,2279.570,2421.120,2589.840,2758.650,2892.750,3026.370,3193.300,3362.640,3504.350,3650.120,3795.530,3940.750,4086.640,4232.760,4378.620,4524.490,4669.460,4815.340,4960.850,0.000,0.000,0.000,0.000,0.000
80.220,227.500,372.760,519.120,664.870,810.550,956.070,1102.540,1248.490,1394.620,1562.950,1699.090,1832.060,1995.220,2164.390,2301.840,2434.270,2596.780,2766.880,2906.400,3037.850,3200.310,3366.110,3508.840,3655.750,3801.910,3948.310,4093.470,4239.480,4385.760,4531.640,4677.570,4823.140,4969.440,0.000,0.000,0.000,0.000,0.000
79.920,227.010,372.990,518.670,664.220,809.780,955.280,1100.730,1245.870,1391.550,1560.750,1694.650,1827.090,1995.330,2165.800,2302.810,2434.170,2600.160,2766.100,2902.410,3034.290,3199.830,3365.660,3507.700,3653.500,3798.890,3944.610,4090.480,4236.200,4381.560,4527.620,4673.030,4818.500,4963.970,0.000,0.000,0.000,0.000,0.000
82.180,229.440,375.420,521.770,667.810,813.770,959.950,1105.820,1251.560,1397.340,1567.510,1707.460,1838.180,1999.870,2165.320,2301.630,2434.320,2599.000,2765.410,2902.390,3034.470,3197.720,3370.720,3516.360,3662.750,3808.830,3954.640,4100.280,4245.870,4391.290,4537.640,4684.010,4829.650,4975.630,0.000,0.000,0.000,0.000,0.000
48.330,194.140,339.480,484.710,630.190,775.730,921.560,1067.040,1212.670,1358.450,1497.170,1627.230,1793.800,1963.030,2099.070,2231.650,2396.340,2568.000,2707.600,2838.340,3000.970,3166.800,3304.040,3446.960,3593.190,3738.360,3883.870,4029.180,4174.300,4320.250,4465.570,4610.920,4756.230,4902.100,0.000,0.000,0.000,0.000,0.000
69.630,216.140,361.850,507.810,653.590,799.180,945.030,1090.830,1236.470,1382.160,1541.730,1672.770,1817.890,1984.970,2150.420,2282.470,2422.870,2592.130,2761.830,2896.680,3027.800,3194.070,3363.510,3506.340,3652.620,3798.480,3944.180,4090.070,4235.780,4381.830,4527.610,4673.290,4819.460,4965.560,0.000,0.000,0.000,0.000,0.000
60.340,206.960,352.650,498.770,645.140,790.600,936.190,1081.610,1227.720,1373.380,1520.130,1649.330,1805.320,1970.670,2111.610,2241.660,2401.760,2567.500,2706.070,2837.190,3000.310,3165.680,3302.190,3445.810,3592.050,3737.330,3882.830,4028.660,4174.390,4320.640,4466.220,4611.940,4757.200,4903.120,0.000,0.000,0.000,0.000,0.000
48.660,194.430,340.260,485.800,631.700,777.040,922.670,1068.250,1214.080,1359.850,1499.460,1632.810,1797.740,1972.020,2117.100,2246.260,2403.910,2569.890,2710.780,2840.730,3001.560,3167.540,3305.230,3447.840,3593.380,3739.420,3885.180,4031.000,4176.870,4322.070,4467.890,4613.530,4759.160,4904.710,0.000,0.000,0.000,0.000,0.000
57.850,202.940,348.210,493.280,638.320,783.820,929.330,1074.970,1220.030,1364.850,1505.180,1635.370,1801.010,1967.600,2105.500,2236.070,2401.020,2567.080,2703.400,2834.320,3001.550,3168.230,3306.510,3448.380,3593.750,3738.700,3883.840,4029.270,4175.320,4320.700,4465.990,4610.900,4756.040,4900.910,0.000,0.000,0.000,0.000,0.000
69.070,214.980,359.710,504.750,649.650,794.700,939.670,1085.070,1229.990,1375.470,1523.960,1651.920,1807.990,1975.180,2121.810,2249.640,2407.560,2574.360,2720.150,2848.360,3005.700,3172.270,3315.070,3456.390,3602.300,3747.670,3892.860,4038.340,4183.170,4328.720,4473.810,4618.720,4764.170,4909.190,0.000,0.000,0.000,0.000,0.000
70.540,217.050,362.670,508.070,653.680,798.950,944.160,1089.560,1234.770,1380.240,1537.590,1667.530,1814.980,1981.110,2139.910,2270.380,2416.590,2585.350,2752.170,2883.970,3023.430,3193.110,3362.660,3504.630,3650.440,3796.020,3941.570,4086.600,4231.930,4376.910,4522.670,4668.310,4813.520,4959.170,0.000,0.000,0.000,0.000,0.000
52.160,197.890,343.170,488.400,633.960,779.620,924.550,1069.900,1215.400,1360.500,1498.980,1630.430,1798.680,1967.760,2106.900,2236.920,2401.400,2568.400,2706.970,2836.930,3003.150,3170.190,3310.990,3452.670,3598.310,3743.300,3888.730,4034.080,4179.220,4324.830,4469.800,4615.120,4760.320,4905.530,0.000,0.000,0.000,0.000,0.000
62.190,207.060,352.300,497.820,642.750,787.620,933.310,1078.610,1223.630,1369.050,1511.650,1640.800,1803.240,1969.350,2108.240,2237.980,2401.720,2568.390,2706.860,2836.810,3001.810,3168.720,3306.970,3449.240,3595.120,3740.280,3885.190,4030.650,4176.190,4321.720,4466.890,4612.190,4757.400,4903.210,0.000,0.000,0.000,0.000,0.000
60.250,205.260,350.480,495.770,641.080,785.680,930.640,1075.730,1220.800,1365.890,1506.330,1636.000,1800.520,1966.760,2103.260,2234.400,2404.120,2571.330,2713.250,2841.890,3003.350,3169.150,3308.340,3449.810,3595.360,3740.520,3885.580,4030.970,4176.040,4321.030,4466.050,4610.920,4755.570,4901.450,0.000,0.000,0.000,0.000,0.000
62.360,207.700,353.240,498.520,644.240,789.830,935.600,1080.830,1226.690,1372.000,1516.970,1646.170,1804.540,1970.630,2112.010,2241.430,2402.750,2569.040,2707.650,2838.120,3000.850,3167.310,3304.940,3447.810,3593.910,3739.230,3885.070,4031.370,4177.330,4322.870,4468.670,4613.990,4759.500,4905.450,0.000,0.000,0.000,0.000,0.000
61.880,207.620,352.950,498.080,643.620,788.680,933.840,1079.560,1225.000,1370.280,1514.160,1643.310,1803.400,1969.330,2108.530,2238.300,2402.610,2568.810,2708.030,2838.160,3001.130,3167.260,3305.000,3447.510,3592.980,3738.060,3883.550,4028.220,4173.630,4318.510,4464.150,4608.970,4753.950,4898.780,0.000,0.000,0.000,0.000,0.000
65.940,212.950,358.830,504.500,649.780,795.150,940.700,1086.110,1231.550,1376.950,1527.960,1656.630,1809.540,1975.840,2123.510,2251.900,2407.130,2573.260,2717.180,2845.980,3005.130,3171.050,3311.860,3453.680,3598.840,3744.000,3888.990,4034.140,4179.510,4324.590,4470.110,4615.720,4760.730,4905.520,0.000,0.000,0.000,0.000,0.000
59.500,204.780,349.670,494.270,638.780,783.410,928.140,1073.120,1217.820,1362.310,1500.730,1631.790,1810.750,1861.880,2008.940,2047.800,2193.310,2365.200,2501.470,2632.100,2808.210,2986.560,3155.210,3285.790,3431.500,3577.040,3721.800,3866.340,4011.480,4156.050,4300.980,4445.850,4591.050,4735.570,4880.030,0.000,0.000,0.000,0.000
70.730,217.940,363.540,509.130,654.910,800.840,946.740,1092.510,1238.270,1383.880,1546.210,1677.280,1820.330,1991.050,2161.630,2295.120,2427.450,2594.510,2765.500,2901.860,3033.870,3200.030,3367.050,3509.210,3655.310,3800.580,3946.330,4092.250,4238.350,4383.800,4529.610,4675.470,4821.410,4966.920,0.000,0.000,0.000,0.000,0.000
59.740,205.840,350.460,495.260,640.610,785.550,930.330,1075.400,1219.890,1364.430,1503.830,1634.000,1803.140,1971.060,2112.250,2241.100,2402.780,2570.720,2712.010,2840.420,3004.170,3171.980,3314.290,3454.710,3599.740,3744.710,3889.830,4034.410,4179.070,4323.830,4469.080,4613.820,4758.480,4903.820,0.000,0.000,0.000,0.000,0.000
57.030,204.510,350.340,496.030,641.840,787.190,932.670,1078.300,1224.050,1369.990,1513.800,1643.100,1803.420,1970.110,2109.870,2239.910,2402.280,2569.050,2708.020,2838.130,3000.100,3166.520,3302.590,3446.750,3592.760,3738.910,3884.740,4031.190,4177.200,4322.840,4468.700,4614.400,4759.970,4905.950,0.000,0.000,0.000,0.000,0.000
62.020,209.310,354.760,500.020,645.390,791.310,937.030,1082.080,1227.110,1372.400,1517.640,1646.480,1803.780,1969.920,2110.880,2240.750,2402.230,2567.800,2705.120,2836.380,3000.310,3166.040,3302.790,3445.800,3591.780,3737.330,3882.740,4028.900,4174.720,4320.070,4465.900,4612.170,4757.980,4903.850,0.000,0.000,0.000,0.000,0.000
52.490,198.400,343.920,488.860,633.840,779.030,924.620,1070.500,1215.700,1360.940,1499.840,1632.720,1804.030,1972.600,2115.790,2244.310,2404.430,2571.230,2711.940,2841.110,3003.030,3169.860,3309.310,3451.000,3597.020,3742.090,3887.470,4032.650,4177.910,4322.940,4468.240,4613.520,4758.790,4903.680,0.000,0.000,0.000,0.000,0.000
57.920,203.730,349.230,495.110,640.690,786.380,932.310,1077.950,1224.020,1369.480,1512.130,1641.060,1804.750,1972.590,2113.830,2242.690,2403.960,2570.670,2710.470,2839.690,3004.170,3171.180,3311.880,3454.000,3600.230,3746.300,3892.280,4038.320,4184.190,4329.950,4475.490,4621.160,4767.330,4912.920,0.000,0.000,0.000,0.000,0.000
59.480,205.720,350.540,496.150,641.430,786.350,931.710,1076.820,1222.580,1367.610,1509.040,1637.990,1804.550,1972.270,2114.940,2243.140,2405.190,2573.260,2716.150,2843.930,3004.750,3172.280,3315.770,3456.830,3602.090,3747.160,3892.320,4037.360,4182.800,4327.280,4472.730,4617.880,4762.490,4907.900,0.000,0.000,0.000,0.000,0.000
86.460,234.290,380.760,526.680,672.750,818.300,964.010,1110.050,1256.040,1401.830,1568.050,1705.660,1836.470,2000.850,2168.390,2305.560,2436.970,2602.150,2769.700,2908.770,3039.250,3201.990,3369.540,3513.340,3659.390,3805.370,3951.490,4097.750,4243.930,4389.960,4536.200,4682.610,4828.580,4974.350,0.000,0.000,0.000,0.000,0.000
66.270,213.300,357.790,502.050,647.000,791.610,936.140,1080.500,1225.210,1370.030,1511.190,1638.940,1810.500,1846.750,1991.060,2163.380,2297.610,2426.810,2466.280,2608.910,2645.680,2790.360,2961.260,3095.080,3225.720,3263.130,3406.920,3554.650,3699.610,3844.500,3989.160,4133.610,4278.740,4423.840,4568.340,4713.050,4858.280,0.000,0.000
47.080,192.600,337.950,482.960,627.890,773.080,917.730,1063.340,1208.440,1353.490,1490.450,1624.280,1806.580,1980.430,2139.440,2268.030,2415.210,2591.890,2762.590,2896.450,3026.820,3067.180,3210.520,3250.730,3396.990,3544.350,3689.330,3834.720,3979.920,4125.140,4270.170,4415.600,4560.560,4705.400,4850.970,4995.680,0.000,0.000,0.000
49.320,195.300,341.160,487.130,633.620,780.580,926.640,1072.510,1218.810,1364.390,1504.350,1635.570,1800.930,1968.460,2105.650,2236.760,2400.600,2568.040,2705.230,2836.180,3000.980,3168.300,3306.170,3449.930,3595.970,3742.250,3888.380,4034.430,4180.670,4326.730,4473.140,4618.610,4764.440,4910.220,0.000,0.000,0.000,0.000,0.000
68.180,215.300,361.110,507.420,653.210,798.800,943.650,1089.850,1235.470,1381.020,1539.570,1669.660,1816.220,1987.530,2157.540,2289.740,2425.940,2599.150,2766.620,2902.210,3033.550,3200.360,3368.220,3510.830,3656.600,3802.080,3947.780,4093.120,4238.520,4384.670,4530.560,4676.280,4821.920,4967.220,0.000,0.000,0.000,0.000,0.000
57.780,203.310,349.120,494.750,640.770,786.250,931.650,1077.710,1223.530,1369.630,1513.330,1642.340,1804.040,1969.980,2109.940,2240.120,2402.940,2569.680,2708.370,2838.450,3001.810,3169.830,3308.980,3451.850,3598.550,3744.170,3889.800,4036.220,4181.930,4327.750,4473.640,4619.220,4765.960,4912.030,0.000,0.000,0.000,0.000,0.000
73.110,218.960,363.880,508.420,653.270,797.850,942.550,1087.350,1232.370,1376.950,1527.000,1653.250,1810.320,1987.740,2158.510,2289.730,2423.920,2458.000,2601.440,2774.730,2920.900,3047.250,3209.210,3385.710,3532.520,3677.080,3821.870,3966.710,4111.690,4256.680,4401.320,4546.230,4690.760,4836.150,4980.760,0.000,0.000,0.000,0.000
61.450,206.820,352.950,498.800,644.660,790.700,936.440,1081.370,1226.760,1372.770,1518.660,1647.320,1805.670,1972.180,2114.110,2243.110,2404.170,2570.970,2711.730,2841.000,3002.290,3169.410,3308.550,3451.110,3597.330,3743.680,3889.170,4035.010,4181.180,4326.350,4472.300,4617.740,4763.590,4908.970,0.000,0.000,0.000,0.000,0.000
56.420,201.440,346.560,491.510,636.570,781.740,925.650,1070.450,1215.200,1359.960,1498.020,1626.720,1671.970,1814.670,1843.900,1987.730,2157.640,2288.710,2424.420,2457.950,2601.300,2771.250,2912.580,3040.490,3206.210,3376.640,3521.700,3666.350,3811.540,3956.490,4101.390,4245.950,4390.860,4536.200,4681.240,4826.340,4971.390,0.000,0.000
59.580,205.200,350.790,496.330,641.600,787.060,932.460,1078.010,1223.070,1368.540,1509.970,1639.100,1803.020,1970.510,2111.070,2240.240,2404.490,2572.920,2714.670,2843.290,3005.550,3173.730,3317.780,3459.210,3604.840,3750.220,3895.500,4041.150,4186.050,4331.810,4477.060,4622.140,4767.330,4912.710,0.000,0.000,0.000,0.000,0.000
56.730,202.100,346.930,491.910,637.310,782.160,926.950,1072.380,1217.710,1362.800,1501.480,1632.530,1676.480,1818.040,1847.560,1991.510,2164.080,2298.160,2427.020,2604.150,2775.570,2922.390,3049.470,3207.590,3377.490,3521.890,3666.650,3811.780,3956.990,4101.940,4246.780,4391.730,4536.360,4682.070,4826.910,4971.840,0.000,0.000,0.000
56.140,202.230,347.060,491.270,636.000,780.940,925.450,1069.610,1214.500,1358.960,1496.890,1626.180,1666.040,1809.020,1846.190,1990.960,2162.690,2296.010,2426.150,2608.450,2650.060,2796.330,2827.790,2975.110,3124.400,3251.190,3409.820,3555.710,3700.700,3845.710,3990.680,4135.430,4279.960,4423.780,4567.920,4712.600,4857.550,0.000,0.000
61.170,206.780,352.660,497.860,643.590,788.720,934.040,1079.940,1225.810,1371.260,1515.800,1644.070,1805.640,1973.790,2117.460,2245.410,2405.860,2574.120,2717.700,2845.490,3006.690,3175.170,3320.520,3461.210,3607.390,3752.600,3897.820,4042.990,4188.860,4334.430,4479.820,4625.560,4771.130,4916.770,0.000,0.000,0.000,0.000,0.000
47.720,193.320,338.100,483.180,628.330,772.720,917.740,1062.570,1207.460,1352.580,1488.990,1623.850,1656.970,1800.790,1971.800,2112.500,2240.360,2405.130,2573.800,2717.540,2844.900,3006.030,3177.240,3327.710,3466.550,3612.310,3757.000,3901.390,4046.260,4191.460,4336.600,4481.790,4626.700,4772.000,4916.900,0.000,0.000,0.000,0.000
62.410,210.150,355.540,500.780,646.470,791.770,937.340,1083.180,1229.030,1374.450,1520.790,1648.320,1806.850,1974.700,2119.150,2246.560,2407.210,2575.870,2724.230,2852.170,3009.050,3177.040,3325.840,3465.880,3611.850,3757.170,3902.100,4047.540,4192.730,4337.900,4483.290,4628.770,4773.940,4919.650,0.000,0.000,0.000,0.000,0.000
50.180,194.990,340.950,486.410,631.440,777.190,922.710,1067.980,1213.620,1359.600,1497.270,1626.980,1801.420,1970.260,2108.310,2237.880,2405.430,2574.350,2718.380,2846.100,3006.500,3174.830,3319.530,3460.260,3606.490,3751.680,3897.170,4043.080,4188.600,4334.000,4479.610,4625.500,4770.950,4915.960,0.000,0.000,0.000,0.000,0.000
56.610,201.910,347.390,492.560,637.650,782.390,927.620,1072.770,1217.710,1362.340,1499.960,1631.530,1675.480,1817.170,1845.970,1990.120,2163.040,2295.680,2426.040,2460.350,2604.120,2779.390,2935.150,3062.410,3213.490,3406.640,3553.700,3698.270,3843.130,3988.060,4132.590,4277.940,4422.940,4567.770,4712.910,4858.020,0.000,0.000,0.000
69.660,214.860,359.400,504.020,648.830,793.640,938.270,1083.100,1227.740,1372.210,1515.400,1642.520,1808.800,1992.340,2166.140,2300.130,2431.780,2486.840,2627.700,2654.630,2796.620,2830.580,2977.850,3136.000,3262.910,3417.310,3563.130,3707.690,3852.290,3996.570,4140.880,4285.990,4430.970,4574.950,4719.990,4865.530,0.000,0.000,0.000
64.590,209.890,354.470,499.980,645.270,790.420,935.830,1080.780,1225.300,1370.850,1512.830,1640.540,1808.790,1982.170,2145.670,2274.460,2419.060,2462.150,2607.690,2794.290,2968.920,3107.040,3236.010,3412.010,3558.970,3704.030,3848.880,3994.000,4139.410,4285.070,4430.120,4575.180,4720.260,4865.700,0.000,0.000,0.000,0.000,0.000
59.320,204.430,349.490,494.310,639.340,784.540,930.100,1074.980,1219.600,1364.340,1502.460,1632.540,1666.600,1808.380,1842.500,1987.750,2160.410,2291.420,2425.160,2460.580,2604.040,2784.780,2953.220,3082.660,3222.240,3255.540,3399.410,3546.710,3691.180,3836.270,3981.750,4126.790,4271.420,4416.160,4560.690,4705.700,4850.770,4995.640,0.000
63.680,209.550,354.490,499.100,644.110,788.780,933.850,1078.680,1223.880,1368.740,1510.450,1638.060,1809.070,1996.550,2027.390,2176.330,2327.680,2454.000,2610.250,2791.910,2965.340,3098.480,3227.250,3263.410,3408.030,3555.610,3699.790,3844.650,3989.650,4134.900,4279.580,4424.480,4570.050,4715.290,4860.270,0.000,0.000,0.000,0.000
50.120,195.240,339.970,485.230,630.000,774.390,919.910,1064.390,1209.260,1354.000,1489.910,1624.310,1657.980,1801.590,1974.160,2117.440,2244.220,2408.550,2589.570,2762.700,2893.720,3025.770,3057.400,3200.770,3373.450,3517.630,3663.130,3808.040,3953.120,4098.170,4242.540,4387.370,4531.660,4676.530,4821.780,4966.500,0.000,0.000,0.000
50.040,195.630,340.790,485.240,630.070,774.120,919.170,1063.760,1208.460,1353.590,1489.330,1623.960,1655.460,1798.400,1824.640,1972.270,2116.220,2241.840,2417.490,2444.880,2588.190,2761.590,2891.860,3025.190,3055.730,3198.440,3226.170,3373.430,3518.970,3664.250,3808.820,3953.070,4097.640,4242.300,4387.180,4531.980,4675.710,4820.650,4965.800
57.980,204.070,348.060,492.900,637.260,781.630,926.190,1070.570,1215.360,1360.170,1496.910,1625.620,1659.280,1802.390,1980.770,2140.290,2267.050,2416.360,2447.400,2590.860,2764.510,2897.570,3025.940,3058.090,3200.970,3376.350,3520.730,3665.370,3809.960,3954.310,4099.380,4244.200,4388.960,4533.490,4677.930,4823.030,4967.820,0.000,0.000
62.300,208.250,352.870,497.490,642.430,787.910,932.790,1077.680,1222.230,1367.370,1506.510,1635.370,1673.220,1814.070,1842.300,1986.440,2159.350,2289.570,2424.650,2456.810,2600.390,2770.950,2908.750,3036.780,3074.350,3214.570,3244.860,3389.010,3536.380,3681.450,3825.860,3970.820,4116.270,4261.100,4405.790,4551.150,4695.960,4840.770,4985.580
57.590,204.520,350.580,496.850,642.590,788.490,934.410,1080.690,1226.650,1372.600,1517.110,1644.660,1806.270,1975.160,2117.990,2245.710,2406.540,2575.300,2719.470,2846.630,3006.470,3175.060,3318.940,3460.780,3607.200,3752.930,3898.890,4044.800,4190.970,4336.980,4483.040,4629.060,4775.280,4921.220,0.000,0.000,0.000,0.000,0.000
58.480,204.300,349.900,494.990,639.760,785.350,930.620,1076.140,1221.230,1366.760,1506.200,1635.400,1810.620,1986.270,2157.260,2287.810,2424.600,2459.460,2604.270,2779.590,2934.380,3061.730,3213.930,3389.400,3536.190,3681.070,3826.770,3972.210,4117.550,4263.390,4409.420,4554.610,4700.490,4845.460,4991.740,0.000,0.000,0.000,0.000
58.640,203.560,347.980,493.400,637.810,782.620,927.500,1073.190,1218.040,1362.910,1499.930,1631.160,1663.550,1806.120,1847.810,1995.060,2175.120,2320.930,2447.100,2611.440,2652.270,2798.880,2971.780,3111.140,3238.580,3421.370,3568.430,3713.210,3857.800,4003.030,4148.130,4293.110,4438.080,4582.520,4727.100,4872.000,0.000,0.000,0.000
64.230,211.450,357.520,503.690,650.140,796.610,942.760,1088.390,1234.210,1380.500,1539.030,1668.580,1816.800,1989.380,2166.280,2299.800,2433.050,2604.550,2774.460,2917.070,3045.530,3206.480,3374.990,3519.570,3666.200,3812.630,3958.600,4104.970,4251.840,4398.160,4544.730,4690.960,4837.360,4983.530,0.000,0.000,0.000,0.000,0.000
96.300,243.870,389.200,534.070,679.580,824.700,970.240,1115.100,1260.700,1405.070,1573.790,1715.240,1842.300,2010.140,2188.360,2361.370,2491.580,2625.530,2657.290,2801.480,2975.110,3119.520,3245.660,3411.680,3557.780,3702.430,3847.650,3993.070,4138.340,4283.490,4428.620,4573.250,4719.010,4864.240,0.000,0.000,0.000,0.000,0.000
59.480,206.750,351.670,496.990,642.350,787.740,933.060,1078.500,1223.880,1369.380,1510.640,1638.760,1813.220,1853.770,2001.120,2172.740,2312.650,2440.380,2608.330,2780.720,2938.820,3066.030,3215.100,3400.220,3547.890,3692.700,3837.900,3983.190,4128.360,4273.530,4419.030,4564.630,4710.330,4855.870,0.000,0.000,0.000,0.000,0.000
67.510,212.410,358.180,503.580,649.060,794.300,939.380,1084.170,1229.460,1375.260,1522.630,1649.050,1808.650,1980.090,2136.390,2263.250,2414.210,2596.350,2780.860,2941.680,3069.990,3217.280,3260.280,3408.090,3556.090,3701.470,3847.110,3992.280,4138.100,4283.270,4428.220,4573.950,4718.870,4863.720,0.000,0.000,0.000,0.000,0.000
47.680,193.360,338.390,483.380,628.500,773.420,918.430,1063.630,1209.170,1353.860,1489.550,1624.120,1654.140,1798.080,1824.690,1974.110,2120.700,2246.300,2410.250,2585.080,2756.510,2885.680,3023.730,3052.780,3197.000,3227.360,3376.700,3522.580,3667.900,3812.670,3957.820,4102.740,4247.720,4392.750,4537.840,4682.960,4828.270,4972.880,0.000
58.690,203.550,348.250,493.450,637.820,783.270,928.060,1072.750,1218.460,1363.490,1501.860,1631.980,1666.700,1809.450,1850.180,1997.460,2025.780,2175.380,2323.420,2449.190,2610.680,2802.320,2976.740,3124.430,3250.390,3412.150,3557.910,3703.460,3848.390,3993.620,4139.300,4284.470,4429.780,4575.110,4719.820,4865.000,0.000,0.000,0.000
56.780,202.240,347.660,493.280,638.500,783.460,928.470,1073.810,1219.570,1364.930,1503.700,1632.930,1666.500,1808.900,1841.350,1987.870,2165.040,2295.720,2426.500,2461.170,2605.250,2786.360,2960.070,3089.820,3224.980,3256.660,3401.160,3548.870,3693.860,3839.200,3984.070,4128.890,4273.910,4419.100,4564.260,4709.450,4854.710,4999.590,0.000
65.910,211.440,357.110,502.530,647.300,792.720,937.750,1082.630,1227.570,1373.000,1516.880,1643.430,1814.140,1846.130,1991.910,2168.110,2301.050,2431.360,2467.350,2610.150,2642.830,2789.190,2965.770,3096.970,3226.460,3262.950,3408.570,3556.260,3700.710,3846.520,3992.110,4137.040,4282.310,4427.100,4572.210,4717.190,4862.360,0.000,0.000
75.710,222.970,368.270,514.430,659.870,805.420,951.220,1096.950,1243.230,1388.770,1563.830,1695.250,1827.010,1868.240,2012.620,2046.620,2193.340,2368.560,2502.260,2632.930,2675.800,2817.850,2847.420,2992.860,3168.470,3302.620,3445.970,3591.550,3737.140,3882.350,4027.680,4173.120,4318.250,4464.490,4610.420,4756.310,4902.030,0.000,0.000
51.010,197.020,341.830,486.870,631.760,777.150,922.350,1067.580,1212.080,1357.160,1493.730,1625.310,1654.850,1799.150,1971.040,2106.640,2234.960,2270.680,2412.260,2440.400,2585.960,2760.370,2890.180,3025.190,3056.150,3200.510,3372.210,3514.640,3659.680,3804.720,3950.240,4095.410,4240.900,4385.590,4531.320,4676.490,4821.960,4967.010,0.000
68.190,213.590,359.580,505.290,651.100,796.720,942.170,1087.090,1233.090,1378.460,1530.980,1657.170,1812.070,1990.350,2166.460,2298.230,2427.380,2461.520,2606.070,2784.250,2956.040,3085.890,3224.710,3257.160,3402.600,3550.460,3696.460,3841.680,3987.250,4132.720,4278.100,4423.600,4569.060,4714.730,4860.260,0.000,0.000,0.000,0.000
